024739
041927
003181
062302
003687
006489
006558
010244
010393
011932
013312
016616
017549
022523
025250
025371
028341
031233
034068
041566
049234
050500
054959
007007
003449
039509
071450
042171
046321
054147
072312
071450
069614
064615
065414
038022
037927
036731
008933
015506
021192
033131
043156
044720
020054
020650
023729
024202
029886
047099
048157
049957
052070
057838
058187
060305
061797
061873
065414
066278
069614
070075
072209
072080
070232
071229
070360
004423
005034
005338
005542
006514
007039
007840
008006
008109
008225
008435
008933
009147
009847
009978
010471
010600
010610
012634
012796
012937
013653
015506
017369
017374
018505
020054
020650
020820
021108
021192
021218
022143
022155
022263
023871
024739
025091
025371
025693
025959
026119
026971
038022
040235
040548
042238
042980
043224
043950
044097
044720
045129
046460
003626
056154
056418
056695
059595
061748
061873
062209
062683
065069
065253
066216
066278
067204
067742
068858
069007
069785
070038
070368
070947